(1,16)
(1,11)
(4,1)
(2,9)
(4,2)
(2,9)
(4,3)
(2,8)
(1,12)
(4,4)
(2,8)
(1,13)
(4,5)
(2,8)
(1,11)
(4,6)
(4,5)
(2,20)
(2,19)
(1,14)
(1,9)
(2,14)
(4,1)
(2,15)
(2,8)
(1,9)
(2,14)
(4,2)
(2,15)
(2,8)
(1,9)
(2,14)
(4,5)
(2,15)
(4,4)
(2,20)
(3,1)
(1,2)
(4,5)
(1,3)
(4,4)
(2,20)
(3,2)
(1,4)
(4,4)
(2,20)
(3,3)
(1,16)
(1,16)
(1,5)
(4,6)
(2,20)
(3,4)
(1,6)
(4,6)
(2,1)
(3,5)
(1,7)
(2,21)
(1,11)
(4,7)
(2,8)
(4,7)
(2,20)
(4,1)
(2,12)
(4,2)
(2,12)
(4,3)
(2,21)
(1,9)
(2,14)
(4,1)
(2,15)
(2,8)
(1,9)
(2,14)
(4,2)
(2,15)
(2,21)
(1,2)
(4,3)
(2,1)
(4,7)
(1,3)
(2,21)
(2,21)
(4,6)
(2,20)
(4,6)
(2,21)
(1,4)
(2,21)
(2,21)
(4,6)
(2,20)
(3,6)
(2,10)
(3,7)
(2,12)
(3,5)
(2,21)
(4,3)
(2,20)
(4,7)
(2,21)
(1,10)
(2,14)
(4,6)
(2,15)
(2,21)
(1,10)
(2,14)
(4,3)
(2,15)
(1,1)
